##TITLE= Parameter file, TopSpin 3.5 pl 4
##JCAMPDX= 5.0
##DATATYPE= Parameter Values
##NPOINTS= 1	$$ modification sequence number
##ORIGIN= Bruker BioSpin GmbH
##OWNER= nmrsu
$$ 2020-07-01 17:00:47.882 +0200  nmrsu@rmn601
$$ C:/IVDrData/data/COVID19_Serum-20200701/nmr/HB-COVID0001/12/pdata/1/clevels
$$ process C:\Bruker\TopSpin3.5pl4\prog\mod\xwish3.exe
##$LEVELS= (0..255)
-636046.870615288 -353359.372564049 -196310.762535583 -109061.53474199
-60589.741523328 -33660.96751296 -18700.5375072 -10389.187504 10389.187504
18700.5375072 33660.96751296 60589.741523328 109061.53474199 196310.762535583
353359.372564049 636046.870615288 0 0 0 0 0 0 0 0 0 0 0 0 0 0 0 0 0 0 0
0 0 0 0 0 0 0 0 0 0 0 0 0 0 0 0 0 0 0 0 0 0 0 0 0 0 0 0 0 0 0 0 0 0 0 0
0 0 0 0 0 0 0 0 0 0 0 0 0 0 0 0 0 0 0 0 0 0 0 0 0 0 0 0 0 0 0 0 0 0 0 0
0 0 0 0 0 0 0 0 0 0 0 0 0 0 0 0 0 0 0 0 0 0 0 0 0 0 0 0 0 0 0 0 0 0 0 0
0 0 0 0 0 0 0 0 0 0 0 0 0 0 0 0 0 0 0 0 0 0 0 0 0 0 0 0 0 0 0 0 0 0 0 0
0 0 0 0 0 0 0 0 0 0 0 0 0 0 0 0 0 0 0 0 0 0 0 0 0 0 0 0 0 0 0 0 0 0 0 0
0 0 0 0 0 0 0 0 0 0 0 0 0 0 0 0 0 0 0 0 0 0 0 0 0 0 0 0 0 0 0 0 0 0 0 0
0 0 0 0 0
##$LEVSIGN= 3
##$MAXLEV= 8
##$METHOD= 0
##$NEGBASE= -10389.187504
##$NEGINCR= 1.8
##$POSBASE= 10389.187504
##$POSINCR= 1.8
##END=
